63027
64093
8848
23061
56259
60343
1641
1468
10020
5395
8766
10286
1046
25930
7541
54967
83755
5682
9404
4879
7695
55651
51668
4800
3987
7707
23548
10152
8522
527
79072
10904
125058
10524
286499
2686
5264
9877
130540
1408
51002
4155
87
64782
1454
57595
11143
5700
117144
23484
55613
22800
10589
4615
55216
9099
5050
23265
63908
79618
145282
153527
4670
8890
126375
5563
8434
51582
1173
200734
386675
53918
10494
10043
5991
11270
407
84867
6913
9500
7341
54959
5607
5699
10133
9975
6431
4953
9181
5862
55611
114928
4111
9145
516
9465
23543
79768
51447
25945
84460
9295
3399
158405
55388
1295
3670
2801
84281
8825
6715
26269
4780
122183
93210
10475
1196
55109
441519
7106
408
573
91404
57159
286514
56477
60626
148103
145946
57085
3149
54927
79696
7276
8500
9753
4739
84830
4222
10256
2237
54058
9240
51257
5781
9055
80230
143241
6285
10430
7170
51596
6342
4848
2959
2885
8796
57684
5753
541471
5706
339834
122786
64753
9111
55734
10083
81704
57642
29761
84265
8419
79959
51118
1146
386676
81544
664
285733
7301
3872
285672
2848
170954
8233
220082
386677
22885
54828
55266
9702
6048
8851
441150
5733
10190
80254
3881
55308
112399
572
665
9531
57639
8887
51652
1917
163081
4184
9473
336
8976
51765
26258
10062
4920
8576
3957
23604
89797
5701
6257
246329
522
10762
84950
54900
3276
4118
84296
7083
8260
80342
29035
9958
8815
6850
51142
2014
10262
3437
56906
7141
79088
54535
86614
148254
10868
94101
4929
114932
3561
5874
1041
51564
27130
10069
7020
23468
51421
154313
55118
11051
57542
55030
11179
5859
117178
58155
5984
163183
11091
83461
7681
158787
118427
4665
5837
57226
6500
4712
1069
57616
1409
129138
146664
9260
7329
81926
11180
91369
8502
51720
79669
55122
10016
5966
1974
10946
10253
11094
51185
51310
115106
373
219854
10055
4236
5147
5355
55660
55272
25844
91544
79718
10361
1070
51076
54550
5709
22938
55629
9802
9841
6757
54830
8543
9817
5780
85865
113878
55916
6810
3732
127703
23594
1912
23710
1781
79152
9093
51517
998
266740
931
2067
10254
11030
8161
10024
10447
3964
10363
54069
56647
4108
9721
222389
22924
23126
9832
644
7004
155060
162333
8934
9402
9636
58500
57573
401508
140462
1039
10781
2948
51701
79036
892
119392
6884
51282
23786
79666
287015
23089
7286
84656
84140
2145
11269
81628
1656
10539
8611
9873
6820
54552
55332
9672
10643
54810
11151
8553
714
23059
90933
57727
6432
10313
83606
4005
9791
386684
30000
1756
9524
54585
8636
55048
374659
9209
170082
22934
10320
80108
25913
51377
56181
2810
83463
4283
23157
6919
51562
6588
54438
84970
139596
699
219736
386682
93649
4818
9482
91694
50863
1488
79745
3162
7205
10342
57707
4004
8417
27434
3866
3050
27229
1327
80028
29068
9984
10742
729862
3728
54107
3796
79177
5705
64778
63948
5359
124460
11117
660
84838
55138
9533
5427
55970
51100
3689
705
9911
10783
9586
127428
9908
10574
283461
4678
26277
55143
202459
203054
283576
91746
7325
84106
7335
5296
203068
3646
79073
57142
9474
283385
55145
85376
2815
9885
767
248
10640
7536
81565
26240
5152
2790
6271
8350
8575
9094
1977
5375
54785
399665
27343
60490
7431
84934
79077
54870
203245
25828
25988
8878
6921
8428
655
51540
60370
55850
4105
26984
55888
6759
79090
9550
440184
373156
5090
1616
2958
50619
137209
406
6418
85291
5634
23640
56896
149371
3851
2355
9112
11070
6374
71
440321
80131
23421
153643
894
57381
340542
79843
121536
6629
390535
29115
9618
139341
8881
128178
23204
23503
54531
7284
8974
79078
7321
84959
115265
51699
1447
80321
7690
6293
8517
5108
51148
7448
5303
8618
1600
29979
5058
10921
79839
64927
25898
150864
79169
80314
10922
331
2534
11067
84975
29946
8065
2941
94107
6619
80332
55007
5204
9632
3049
83638
56063
663
825
1936
8379
353145
3148
11100
10667
440023
10933
222894
144165
29911
79616
862
9725
55503
2130
4234
25793
6660
166
441521
4835
5602
51637
3164
51438
79682
26121
9470
83594
65983
11266
10445
9726
22890
9413
6631
6449
23658
93426
7376
55037
256646
57132
123606
84445
9747
129049
10169
10093
56478
55284
5092
51265
8738
2030
409
51207
81567
362
7323
81792
3281
597
90410
51760
1153
10906
284194
1731
159163
89885
7574
55726
84984
5763
57185
1030
54902
627
51309
51027
55697
51068
7597
1522
79025
147700
9729
2786
286075
4110
55906
284252
55319
84873
6908
5935
29844
9643
22888
5562
8907
1809
6605
27040
8540
4176
55668
7159
3215
226
54507
4149
57594
347
55964
4212
11043
85302
7005
6470
10248
112869
81631
79637
989
55006
4241
10567
9852
5413
11201
5940
54458
118812
11075
389119
6009
8760
3488
2104
3725
84816
83695
84661
54108
90799
51330
8318
26249
580
92840
10540
9113
10562
386681
92610
83853
9246
900
271
3856
255877
92906
29107
79001
25901
3608
4223
220108
90594
9587
2139
8409
3927
55742
64581
84936
84528
10928
26128
207
64098
353141
57096
7389
154075
3163
79753
54793
9337
84988
116173
7316
7024
5684
3880
26150
54925
79778
90427
1198
55530
2051
2071
5702
64102
5350
79635
6999
55885
56952
1610
3937
7415
6602
79873
9604
553115
4188
29922
51368
8498
55663
10597
51778
9670
5013
51684
116832
9741
10228
6628
147744
84557
57403
3801
9844
9146
158427
6505
54778
120534
83593
132204
10204
9871
7851
84332
10482
2571
4437
6303
6867
10044
